bacc = 0.2265091378992062
f1 = 0.2265091378992062
factCC metric = 0.22650913789920624
loss = 4.364898023306224
mapping = {0 = CORRECT, 1 = INCORRECT}
preds = [1 1 0 ... 1 1 1]
