bacc = 0.22124792320472586
f1 = 0.22124792320472586
factCC metric = 0.22124792320472586
loss = 4.315770261193114
mapping = {0 = CORRECT, 1 = INCORRECT}
preds = [0 1 0 ... 1 1 1]
