bacc = 0.19291120546427912
f1 = 0.19291120546427912
factCC metric = 0.1929112054642791
loss = 4.549524959360982
mapping = {0 = CORRECT, 1 = INCORRECT}
preds = [0 1 0 ... 1 1 1]
